tWaits,Expect_P00,Expect_P01,Expect_P10,Expect_P11
1.0e-6,0.25003424433577376,0.2499830637269089,0.2499830637269089,0.2499941134624966
0.000101,0.013725324758167625,7.287062154413941e-7,7.287062154416826e-7,0.9861717849808133
0.000201,0.054688489561309506,3.0464578352681368e-6,3.0464578352695577e-6,0.9452035153293767
0.000301,0.12059385587689145,6.821204985243977e-6,6.8212049852473326e-6,0.8792895329112007
0.000401,0.207749154598525,1.1823394417947741e-5,1.182339441795275e-5,0.7921234348234568
0.000501,0.3112712397195273,1.7758087907450316e-5,1.7758087907452962e-5,0.6885889297800495
0.000601,0.425359903554835,2.427142293949813e-5,2.427142293950148e-5,0.5744866503294304
0.000701,0.5436231917322749,3.098799922760933e-5,3.098799922760981e-5,0.45620940755390116
0.000801,0.6594352599696036,3.7549329045607434e-5,3.754932904559814e-5,0.34038371313508703
0.000901,0.7663078485404494,4.3612986793200946e-5,4.361298679318359e-5,0.23349854149076874
0.001001,0.8582537279425441,4.8852120346806684e-5,4.885212034678093e-5,0.14154173852949833
0.001101,0.9301221474285036,5.298259689137322e-5,5.298259689133833e-5,0.06966464056169208
0.001201,0.9778871678698723,5.5786403585810446e-5,5.5786403585776544e-5,0.021893610585470284
0.001301,0.9988731411460207,5.7105114539706614e-5,5.7105114539683324e-5,0.0009046013439384714
0.001401,0.9919046208807689,5.684144122968624e-5,5.684144122966704e-5,0.007873284105432898
0.001501,0.9573721118989693,5.498784399328052e-5,5.4987843993277285e-5,0.042409141341777055
0.001601,0.8972102736128761,5.164250255783328e-5,5.164250255784857e-5,0.10257731860172699
0.001701,0.8147894869199876,4.6991779731413115e-5,4.699177973143917e-5,0.18500706317635243
0.001801,0.714727016694062,4.1294410552152165e-5,4.129441055218585e-5,0.28508059698045807
0.001901,0.6026283529765336,3.488237639992681e-5,3.488237639996391e-5,0.39719176143515095
0.002001,0.4847732958646062,2.8142406884904105e-5,2.814240688493191e-5,0.5150599791399534
0.002101,0.36776428664216365,2.1469473572812307e-5,2.1469473572834218e-5,0.6320820173853119
0.002201,0.2581565740457068,1.5234469627001877e-5,1.523446962701477e-5,0.7417018934248365
0.002301,0.16209090350151448,9.778746470980452e-6,9.778746470987516e-6,0.8377781624984538
0.002401,0.08494943774807637,5.4003393534577e-6,5.400339353457243e-6,0.9149280851708365
0.002501,0.03105421571750781,2.3250628816171913e-6,2.3250628816139624e-6,0.9688291639941204
0.002601,0.003425030139497443,6.987956184060033e-7,6.987956184037703e-7,0.9964612989549547
0.002701,0.0036101914482112606,6.0299778223992e-7,6.029977822421014e-7,0.9962760326416027
0.002801,0.03159967274467931,2.054777351428797e-6,2.054777351436477e-6,0.9682833613991348
0.002901,0.08582556323793179,4.988697289759947e-6,4.988697289771919e-6,0.9140513463408503
0.003001,0.16324985671437708,9.254806961625713e-6,9.25480696163929e-6,0.8366182869500808
0.003101,0.25953468335223895,1.4635483371061286e-5,1.4635483371076241e-5,0.7403224812382521
0.003201,0.36928541803523457,2.0850089720890767e-5,2.085008972089755e-5,0.6305591029951528
0.003301,0.48635297833001995,2.7551156899362027e-5,2.755115689935693e-5,0.5134779181390514
0.003401,0.604178363406241,3.4344627289571776e-5,3.4344627289557234e-5,0.3956387347379431
0.003501,0.7161601003242716,4.082966557516822e-5,4.0829665575132583e-5,0.2836438014773045
0.003601,0.8160242386535912,4.6626388764606584e-5,4.662638876456027e-5,0.18376784908721205
0.003701,0.8981759013264926,5.1392151372026145e-5,5.1392151371971285e-5,0.1016064392642497
0.003801,0.9580127588423891,5.4848583779776955e-5,5.484858377972596e-5,0.041762447434474485
0.003901,0.9921828286211204,5.681011210648509e-5,5.6810112106444557e-5,0.007588232611782171
0.004001,0.9987721509436026,5.7188416651453216e-5,5.7188416651430664e-5,0.0009979266040935427
0.004101,0.9774119712940913,5.59811411158043e-5,5.5981141115806166e-5,0.022360303236828652
0.004201,0.9292992999717853,5.326804463141217e-5,5.326804463143324e-5,0.07047818010479258
0.004301,0.8571298472271844,4.920981803907593e-5,4.920981803911448e-5,0.1426555318333344
0.004401,0.7649469282863737,4.4032830771592166e-5,4.403283077164901e-5,0.23484858353688726
0.004501,0.6579149298904893,3.8010795339819154e-5,3.801079533988067e-5,0.34189240706173796
0.004601,0.542029961352426,3.145903760463864e-5,3.145903760469531e-5,0.4577902622750459
0.004701,0.42378398612061513,2.4730742998700822e-5,2.4730742998739698e-5,0.576049477407677
0.004801,0.30980122432367946,1.8198951994527566e-5,1.819895199455345e-5,0.6900450868989906
0.004901,0.20646713221426138,1.223195024838988e-5,1.2231950248397916e-5,0.7933908911933194
0.005001,0.11957071719998971,7.1756118222888555e-6,7.17561182228629e-6,0.8802971936693912
0.005101,0.053980221279543626,3.33392534423451e-6,3.3339253442256746e-6,0.9458951562882751
0.005201,0.013370389672141866,9.407196575183346e-7,9.40719657510166e-7,0.9865095505844479
0.005301,1.65975674568316e-5,1.360760289654527e-7,1.3607602896520752e-7,0.9998647224871947
0.005401,0.014667339556679065,9.592712761738868e-7,9.592712761841997e-7,0.9852121131872796
0.005501,0.05650222300761871,3.3512092509205987e-6,3.351209250941401e-6,0.9433722345911248
0.005601,0.12317783704828822,7.158967699969248e-6,7.158967699994956e-6,0.8766888082886557
0.005701,0.210958959165883,1.2148511382274894e-5,1.2148511382299165e-5,0.7888975188933621
0.005801,0.3149277796376679,1.8028034036561473e-5,1.8028034036573413e-5,0.6849167658483176
0.005901,0.4292594068266355,2.447078505611169e-5,2.4470785056104188e-5,0.5705720831876361
0.006001,0.5475482263613374,3.1130509095644176e-5,3.1130509095614855e-5,0.4522697645255579
0.006101,0.6631668366936427,3.765452671875102e-5,3.765452671870044e-5,0.3366379334489388
0.006201,0.7696373623713996,4.369926636939814e-5,4.3699266369319074e-5,0.230155143667459
0.006301,0.8609944649220711,4.8942908163472206e-5,4.894290816338376e-5,0.13878736961883067
0.006401,0.9321196496571694,5.309627604007364e-5,5.3096276039986985e-5,0.06765369615745315
0.006501,0.9790280527220442,5.591716344621569e-5,5.5917163446138256e-5,0.02073946703014718
0.006601,0.9990917309508868,5.722862225207244e-5,5.722862225202177e-5,0.0006729836048820592
0.006701,0.9911868555505924,5.693552523083423e-5,5.6935525230814864e-5,0.008578259013884574
0.006801,0.9557566525444634,5.5036465967321334e-5,5.503646596733073e-5,0.044012076362980976
0.006901,0.894786486979536,5.162950635927775e-5,5.162950635931793e-5,0.10498886931166275
0.007001,0.8116925762149203,4.6910211719952364e-5,4.6910211720017945e-5,0.1880920319176573
0.007101,0.7111305115053574,4.1158599061407944e-5,4.1158599061488764e-5,0.28866541275313634
0.007201,0.5987343706924517,3.471718890068584e-5,3.471718890077321e-5,0.40107424641271905
0.007301,0.4808010463802807,2.7964721954181884e-5,2.7964721954256393e-5,0.5190208875722757
0.007401,0.3639374638464116,2.1288838400481896e-5,2.128883840053717e-5,0.6358976306200282
0.007501,0.2546904812002281,1.5061401981221593e-5,1.5061401981261561e-5,0.7451568772873804
0.007601,0.15918016538422208,9.618466040299483e-6,9.618466040317794e-6,0.8406778878439218
0.007701,0.08275700033576741,5.246736462642051e-6,5.246736462645073e-6,0.9171096018803973
0.007801,0.02970220692855222,2.174277001993873e-6,2.174277001988552e-6,0.9701703403997984
0.007901,0.0029879550844995636,5.640891224466921e-7,5.640891224428129e-7,0.9968876171956447
0.008001,0.004110885922757557,5.084736233320081e-7,5.08473623337365e-7,0.9957645986119009
0.008101,0.03300825994301143,2.023069085311275e-6,2.023069085330009e-6,0.9668639908200631
0.008201,0.08806143819128252,5.041486162459659e-6,5.041486162492058e-6,0.9118045860937324
0.008301,0.16618650253045916,9.411995772481932e-6,9.41199577252179e-6,0.833670603130476
0.008401,0.2630069550831648,1.4899655367221857e-5,1.4899655367263965e-5,0.7368390183536788
0.008501,0.37309881837208875,2.1194864247073193e-5,2.1194864247104502e-5,0.6267344125010917
0.008601,0.49029444114739196,2.7931485448727407e-5,2.7931485448735546e-5,0.5095251537789686
0.008701,0.6080280274670034,3.4711821266742967e-5,3.471182126672495e-5,0.391777853635627
0.008801,0.7197034424509571,4.1135492441219826e-5,4.1135492441168726e-5,0.2800894335141633
0.008901,0.8190638194087115,4.682851514423986e-5,4.682851514416064e-5,0.18071750434203007
0.009001,0.9005421663960959,5.1469906931408904e-5,5.146990693131057e-5,0.09922971096706654
0.009101,0.959573294029407,5.4811132164477713e-5,5.481113216436499e-5,0.04019173396197898
0.009201,0.9928496782948505,5.6685143103427895e-5,5.668514310332506e-5,0.0069114361396791476
0.009301,0.9985068083519961,5.700865035525167e-5,5.7008650355168e-5,0.0012534857169357635
0.009401,0.9762277224393037,5.5781174279820596e-5,5.578117427977324e-5,0.023534857111481722
0.009501,0.9272607357728552,5.307875486666058e-5,5.3078754866653054e-5,0.07250707632348195
0.009601,0.8543494970305205,4.9045830236745864e-5,4.904583023677851e-5,0.14542620801623268
0.009701,0.7615792020983281,4.388959450704833e-5,4.3889594507111054e-5,0.23820664374464237
0.009801,0.6541476460549907,3.7877162035530925e-5,3.787716203560843e-5,0.3456500515205793
0.009901,0.538073962451972,3.132751635464321e-5,3.1327516354730885e-5,0.46173666172596195
0.010001,0.4198613468502394,2.4596646461344687e-5,2.4596646461422828e-5,0.5799625649096775
0.010101,0.3061326699633637,1.8061778440249173e-5,1.8061778440310298e-5,0.6937041339442356
0.010201,0.20325940011413418,1.2103229818453575e-5,1.2103229818492672e-5,0.7965891402639463
0.010301,0.11700465875801304,7.0766484747479195e-6,7.076648474763496e-6,0.8828537536373866
0.010401,0.052200414173992155,3.281252133391345e-6,3.281252133390081e-6,0.9476654123319362
0.010501,0.0124768656627588,9.38602267041328e-7,9.386022670357793e-7,0.9873934572291247
0.010601,5.9136588405063345e-5,1.8177606752525472e-7,1.817760675253113e-7,0.9998125105588971
0.010701,0.015642661675218054,1.045151907312343e-6,1.0451519073245368e-6,0.9842270750287382
0.010801,0.05835426067586406,3.4613627741970307e-6,3.4613627742263576e-6,0.9415104570979578
0.010901,0.12580108678716576,7.274699319547003e-6,7.274699319591324e-6,0.8740558225153993
0.011001,0.21420470059604912,1.2263265372115817e-5,1.2263265372164216e-5,0.7856420694604032
0.011101,0.31861272149861203,1.8150923615207774e-5,1.8150923615253283e-5,0.6812221253605415
0.011201,0.4331761895946804,2.4616281132257542e-5,2.461628113228067e-5,0.5666455785161079
0.011301,0.5514771387591691,3.131201405952758e-5,3.131201405952572e-5,0.44833108735313093
0.011401,0.6668880810292998,3.788482146766772e-5,3.7884821467629486e-5,0.3329068529939265
0.011501,0.7729432703382112,4.398236258425112e-5,4.398236258417322e-5,0.22683931305649788
0.011601,0.8637009920290148,4.926062418299239e-5,4.926062418288034e-5,0.13607088124679767
0.011701,0.9340764087149755,5.34095308474566e-5,5.34095308473291e-5,0.06568701192677666
0.011801,0.9801264444961747,5.618125827081603e-5,5.618125827069405e-5,0.019631274834319586
0.011901,0.9992707451122446,5.7402812793539806e-5,5.740281279342609e-5,0.0004843690690018134
0.012001,0.9904363503133176,5.698584399998593e-5,5.698584399990111e-5,0.009319435365870783
0.012101,0.9541179029156933,5.494639615560719e-5,5.494639615556564e-5,0.04564179775517043
0.012201,0.8923500135262519,5.1412662078139026e-5,5.14126620781435e-5,0.1074165928679245
0.012301,0.8085932707269239,4.660454233250122e-5,4.6604542332542796e-5,0.19118278782726486
0.012401,0.7075403262302423,4.0808685018800764e-5,4.080868501886897e-5,0.2922471565147691
0.012501,0.5948529260227395,3.4366532910571014e-5,3.436653291065288e-5,0.4049472765670439
0.012601,0.47684466372733336,2.7654548348734004e-5,2.765454834881511e-5,0.5229687922684643
0.012701,0.36012726755967206,2.1047339838456282e-5,2.104733983852235e-5,0.6396992382375227
0.012801,0.25124009698277133,1.4892053388545803e-5,1.4892053388591002e-5,0.7485985491784235
0.012901,0.15628367214653474,9.509267880549248e-6,9.509267880572874e-6,0.8435655680092277
0.013001,0.08057780531336298,5.187415141610897e-6,5.187415141618366e-6,0.9192799040574602
0.013101,0.028363600692125877,2.157918634258833e-6,2.1579186342568824e-6,0.971499992466299
0.013201,0.0025659593229645696,5.817203419516097e-7,5.817203419488091e-7,0.9973006075898534
0.013301,0.004629800221013048,5.564166541056999e-7,5.564166541107153e-7,0.9952366340029704
0.013401,0.03443914596366653,2.1103953640870236e-6,2.110395364105548e-6,0.9654240044106958
0.013501,0.09032363572044058,5.176888960763666e-6,5.176888960797161e-6,0.9095332005410457
0.013601,0.1691521511325833,9.587709242680217e-6,9.58770924272421e-6,0.8306956909542946
0.013701,0.2665083104348676,1.509686700864541e-5,1.5096867008693242e-5,0.7333283568527981
0.013801,0.37693795669950914,2.1396023277144633e-5,2.139602327718078e-5,0.6228859679786826
0.013901,0.49425469621070156,2.811598666421063e-5,2.811598666422628e-5,0.5055556399545587
0.014001,0.6118863807809909,3.485234000290539e-5,3.485234000288602e-5,0.3879103445365923
0.014101,0.7232431236412189,4.1215027007230996e-5,4.1215027007179375e-5,0.276540733460136
0.014201,0.8220864745700018,4.685504579798948e-5,4.6855045797904116e-5,0.1776859517151953
0.014301,0.9028789708642436,5.146470837631955e-5,5.146470837621075e-5,0.09688408873081415
0.014401,0.9610943333271824,5.479279607717285e-5,5.479279607705869e-5,0.03866191855539153
0.014501,0.9934709968523888,5.667259000973834e-5,5.667259000962778e-5,0.006281338213750457
0.014601,0.9981947956913446,5.702208338718747e-5,5.702208338710272e-5,0.0015566818313820297
0.014701,0.9750006543336129,5.582323922509735e-5,5.5823239225044766e-5,0.02475306535244973
0.014801,0.9251875551360409,5.3124947134241304e-5,5.31249471342234e-5,0.07457140454465064
0.014901,0.8515458946243699,4.9062732300730484e-5,4.906273230075148e-5,0.14822102878478974
0.015001,0.7582012315029094,4.3852069402725686e-5,4.385206940277908e-5,0.24157595234540805
0.015101,0.6503831474781268,3.776401783886346e-5,3.7764017838930765e-5,0.34940605286799614
0.015201,0.534132206271499,3.112328734694273e-5,3.1123287347017884e-5,0.46567011071471653
0.015301,0.415961513179265,2.4312614405641117e-5,2.431261440570955e-5,0.5838542622221805
0.015401,0.3024918344120682,1.7740481005209167e-5,1.7740481005263858e-5,0.69733692007649
0.015501,0.20008067934552456,1.1793323108381668e-5,1.17933231084218e-5,0.7997598057269938
0.015601,0.11446600478207311,6.816181807446813e-6,6.816181807464859e-6,0.8853842674770536
0.015701,0.05044457894001474,3.1054665346538282e-6,3.1054665346553508e-6,0.9494129420782347
0.015801,0.011603168573243618,8.77342498895875e-7,8.773424988921196e-7,0.9882586384725066
0.015901,0.000117647403776766,2.374348997646471e-7,2.374348997649955e-7,0.9997452657205882
0.016001,0.016631189940549733,1.1919187446682374e-6,1.1919187446815716e-6,0.9832296316725476
0.016101,0.060218293907145226,3.6724814278450836e-6,3.6724814278756907e-6,0.9396373957153312
0.016201,0.12843664172882535,7.5339414890095275e-6,7.533941489055039e-6,0.8714111476363657
0.016301,0.21746395822318623,1.2550360035593774e-5,1.2550360035649108e-5,0.7823736323611665
0.016401,0.3223122191713277,1.844214413497293e-5,1.844214413502192e-5,0.6775134379081149
0.016501,0.4371072139795089,2.4904261481545425e-5,2.4904261481579537e-5,0.562705375557315
0.016601,0.5554177324718274,3.1602168750081014e-5,3.160216875008831e-5,0.4443813165119854
0.016701,0.6706158445517321,3.8167973403450254e-5,3.8167973403422444e-5,0.3291699387168033
0.016801,0.7762480380402096,4.423144805707991e-5,4.4231448057014854e-5,0.22352547521909244
0.016901,0.8663966981004088,4.945352032026704e-5,4.945352032017254e-5,0.13336622248754484
0.017001,0.9360116220499859,5.3532666639248505e-5,5.353266663913441e-5,0.06374299370628897
0.017101,0.9811929485167762,5.6214941997018604e-5,5.621494199690574e-5,0.01855615376626123
0.017201,0.9994095945027331,5.7330579032147915e-5,5.7330579032043906e-5,0.00033712237818994293
0.017301,0.9896409724506543,5.682008605924849e-5,5.682008605917198e-5,0.010106613093174956
0.017401,0.9524341210402945,5.4723843942744625e-5,5.4723843942703405e-5,0.047317502354950504
0.017501,0.8898731383911282,5.11676747136285e-5,5.1167674713627356e-5,0.10988544107820522
0.017601,0.8054625261044881,4.636580594393948e-5,4.636580594397566e-5,0.19430549970154312
0.017701,0.7039309607973262,4.0609834187338675e-5,4.060983418740407e-5,0.29584841861211436
0.017801,0.5909664409173121,3.423077588302233e-5,3.4230775883097654e-5,0.4088255373023333
0.017901,0.4728976239270963,2.7571639074032623e-5,2.7571639074111323e-5,0.5269075121434104
0.018001,0.35633924649278487,2.0985945988212704e-5,2.0985945988281388e-5,0.6434788992134969
0.018101,0.2478215556529955,1.482859305535212e-5,1.4828593055398895e-5,0.7520087413970685
0.018201,0.1534244915427335,9.427482997170882e-6,9.427482997198462e-6,0.8464164469825861
0.018301,0.078437024361694,5.067813354003847e-6,5.067813354011805e-6,0.9214124679527733
0.018401,0.02706071321183116,1.995146258287923e-6,1.995146258285477e-6,0.9727947548655074
0.018501,0.0021741818058252857,4.0390459885371113e-7,4.0390459885104943e-7,0.9976843000534216
0.018601,0.005171795794502413,4.0652268649724955e-7,4.065226865025898e-7,0.9946865095247565
0.018701,0.03588556363066385,2.0176291809466113e-6,2.017629180964391e-6,0.963969341079494
0.018801,0.09259458362524328,5.160217242074261e-6,5.1602172421056875e-6,0.9072538658973776
0.018901,0.17212147226641383,9.666433442657526e-6,9.66643344269895e-6,0.827717793131232
0.019001,0.27001040142848887,1.5272791366816457e-5,1.527279136686038e-5,0.7298174883376816
0.019101,0.38077677824914724,2.1638720846766994e-5,2.163872084680264e-5,0.6190382308179675
0.019201,0.4982146035746557,2.83854314199267e-5,2.8385431419946534e-5,0.501586770475911
0.019301,0.6157442760480824,3.512408024025037e-5,3.512408024024325e-5,0.3840434795656585
0.019401,0.7267812844260851,4.1470961050305534e-5,4.147096105026438e-5,0.2729936436271805
0.019501,0.8251050358065547,4.707182206803197e-5,4.707182206796184e-5,0.17465854770035677
0.019601,0.9052073208647767,5.1629643263460154e-5,5.162964326336337e-5,0.09454700334123621
0.019701,0.962600825827331,5.491377242339372e-5,5.491377242328189e-5,0.037146783726014834
0.019801,0.9940705096105542,5.675573610730532e-5,5.675573610720031e-5,0.005673266478253542
0.019901,0.9978536669569372,5.705482814712859e-5,5.7054828147039625e-5,0.0018893597379050385
0.020001,0.9737385914713282,5.579028075370402e-5,5.5790280753645985e-5,0.026006813544523274
0.020101,0.9230763601953149,5.30224473526625e-5,5.302244735263968e-5,0.07667442601003857
0.020201,0.8487051434401185,4.888734416612032e-5,4.8887344166135066e-5,0.15105375901562265
0.020301,0.7547912288081994,4.359847120340121e-5,4.359847120344884e-5,0.24497809773495213
0.020401,0.6465956847333474,3.744716004753399e-5,3.744716004760872e-5,0.35318578698354663
0.020501,0.5301797025439953,3.0786084204885204e-5,3.078608420496681e-5,0.4696149323854588
0.020601,0.4120650844788078,2.400217175550488e-5,2.4002171755586348e-5,0.5877429612329927
0.020701,0.29886890550962586,1.7492545565230153e-5,1.7492545565297333e-5,0.7009519986189104
0.020801,0.19693283915272294,1.1640216220436226e-5,1.1640216220483069e-5,0.8028996061636794
0.020901,0.11196789485029776,6.783227008630733e-6,6.783227008655629e-6,0.8878741069324184
0.021001,0.048734453000617475,3.188394735231106e-6,3.1883947352412645e-6,0.9511145732817959
0.021101,0.010775509779703542,1.040566834675816e-6,1.040566834675041e-6,0.9890776431805719
0.021201,0.00021808959003813782,4.4029154211631474e-7,4.4029154211679225e-7,0.9996360981788246
0.021301,0.01765399883269017,1.402699056863343e-6,1.402699056875094e-6,0.9821980911302591
0.021401,0.06210661480918346,3.861311842297739e-6,3.861311842327405e-6,0.9377403817340196
0.021501,0.13108557043928645,7.677937798787368e-6,7.677937798834327e-6,0.8687536235845654
0.021601,0.22072625744471702,1.2652837900532198e-5,1.2652837900586522e-5,0.7791028157973515
0.021701,0.3260063592319883,1.852940596888498e-5,1.8529405968934117e-5,0.6738108025489451
0.021801,0.44102725544889104,2.5000159797785685e-5,2.500015979781722e-5,0.5587768171270266
0.021901,0.5593445579449638,3.1718583601806804e-5,3.171858360180639e-5,0.44044593995652764
0.022001,0.6743292315972895,3.8313520903106745e-5,3.831352090306908e-5,0.32544793618748746
0.022101,0.7795390784464282,4.440755022146543e-5,4.440755022139218e-5,0.22022576879080913
0.022201,0.8690796620534035,4.964024274864893e-5,4.96402427485504e-5,0.13067457309980762
0.022301,0.937934618669179,5.369619247852634e-5,5.369619247841162e-5,0.061811365441630205
0.022401,0.9822466130532703,5.633034316631114e-5,5.6330343166196134e-5,0.017493957251396786
0.022501,0.9995334532026946,5.738705149309653e-5,5.738705149299793e-5,0.00020485532533113236
0.022601,0.9888270686733959,5.6810789215865444e-5,5.681078921579821e-5,0.010912240382928654
0.022701,0.9507276739792317,5.4648261929723336e-5,5.4648261929688845e-5,0.04901581098906485
0.022801,0.8873700460812922,5.1039982134295613e-5,5.1039982134302444e-5,0.11238050227490654
0.022901,0.8023038924574609,4.620518254161612e-5,4.6205182541656414e-5,0.19745617379194036
0.023001,0.7002949369545314,4.042304902725023e-5,4.042304902731759e-5,0.29947653720823175
0.023101,0.5870579491845582,3.401465509431385e-5,3.4014655094393015e-5,0.41272618823238066
0.023201,0.46893659945204447,2.7325721305876962e-5,2.7325721305953568e-5,0.5308607567239034
0.023301,0.35254814251921535,2.0712713252190184e-5,2.0712713252255375e-5,0.6472622838760994
0.023401,0.2444127562222705,1.4529269006104014e-5,1.452926900615107e-5,0.7554098755699898
0.023501,0.15058834436016766,9.11317354831566e-6,9.113173548343643e-6,0.8492449598162741
0.023601,0.07633119690235168,4.770459046649572e-6,4.770459046660096e-6,0.9235106334179141
0.023701,0.025801542303840266,1.7576807256499546e-6,1.757680725649154e-6,0.9740461495688433
0.023801,0.001830465789661556,2.62514826339292e-7,2.625148263365561e-7,0.9980200501883301
0.023901,0.00576126291683927,3.862996047385108e-7,3.862996047444934e-7,0.9940888368735352
0.024001,0.03737411802747701,2.1324263651166046e-6,2.132426365133803e-6,0.962472321023441
0.024101,0.09489833532115236,5.40131544807134e-6,5.401315448102272e-6,0.9049413875595728
0.024201,0.17511146512156361,9.996039110062127e-6,9.99603911010354e-6,0.8247189006263372
0.024301,0.2735197701100314,1.5638181551808335e-5,1.5638181551847363e-5,0.7262991440530749
0.024401,0.3846099676201077,2.1990775539175022e-5,2.1990775539206003e-5,0.6151960815046494
0.024501,0.5021581148866316,2.8684022999786342e-5,2.8684022999805394e-5,0.4976344058712648
0.024601,0.6195783156954369,3.534009322974849e-5,3.534009322973984e-5,0.3802007524971949
0.024701,0.7302917676554641,4.159665834746547e-5,4.1596658347431596e-5,0.269474650316767
0.024801,0.8280954039289493,4.712436062851423e-5,4.712436062845756e-5,0.17165982629514798
0.024901,0.9075094851578749,5.1636542347567184e-5,5.1636542347484405e-5,0.0922365754841673
0.025001,0.9640847187811469,5.489737517098702e-5,5.489737517089077e-5,0.03565467890728944
0.025101,0.9946515060061516,5.673166225022642e-5,5.6731662250131107e-5,0.005084080938954265
0.025201,0.997497523272099,5.7032452379351005e-5,5.703245237927127e-5,0.00223731116890511
0.025301,0.9724636378945801,5.5766527647361846e-5,5.576652764730794e-5,0.027273578056074613
0.025401,0.9209527479122883,5.2981837789061426e-5,5.298183778904161e-5,0.07878988961121051
0.025501,0.8458511226289597,4.8815639646240013e-5,4.881563964625855e-5,0.15389969486570398
0.025601,0.7513666461429007,4.349330739841655e-5,4.349330739846329e-5,0.24839466213610092
0.025701,0.6427929891221347,3.731463896747674e-5,3.731463896754902e-5,0.3569805244992334
0.025801,0.5262129711926447,3.063645502449496e-5,3.063645502457362e-5,0.4735737432253445
0.025901,0.4081577693360806,2.3852757972734024e-5,2.38527579728083e-5,0.5916423545458452
0.026001,0.29524105126803957,1.736451510483107e-5,1.7364515104891048e-5,0.7045718930618546
0.026101,0.19378852292706453,1.1544954037021995e-5,1.154495403706113e-5,0.8060359020805372
0.026201,0.1094836043240551,6.716878714219176e-6,6.716878714239027e-6,0.8903503143346649
0.026301,0.047049062685255785,3.141288289513752e-6,3.14128828951721e-6,0.9527918491379164
0.026401,0.009982476164392887,1.0044012403550225e-6,1.0044012403522614e-6,0.9898625479859673
0.026501,0.00036035564555990553,4.0690654720353625e-7,4.0690654720429816e-7,0.9994856951948621
0.026601,0.01872185741723842,1.3683827695242e-6,1.3683827695343653e-6,0.9811221034790375
0.026701,0.06403856311715585,3.837877173128711e-6,3.837877173153704e-6,0.9358002892516598
0.026801,0.1337720210990862,7.692518940926523e-6,7.692518940962254e-6,0.8660589460823754
0.026901,0.22401586710794477,1.2732315626448926e-5,1.2732315626493555e-5,0.7758048529411312
0.027001,0.32971458298495804,1.8689918988668153e-5,1.8689918988713646e-5,0.6700940532967031
0.027101,0.44494670651109003,2.5246945194632014e-5,2.5246945194673e-5,0.554848661751308
0.027201,0.563256547911747,3.204107127316364e-5,3.2041071273177905e-5,0.4365250907900271
0.027301,0.678015827176975,3.867665185017337e-5,3.8676651850158486e-5,0.3217523976126457
0.027401,0.7827950058346085,4.47573984324138e-5,4.475739843235946e-5,0.216960923766813
0.027501,0.8717234844444768,4.992470711459165e-5,4.9924707114513805e-5,0.128021977090384
0.027601,0.9398186260313423,5.387703379707425e-5,5.3877033796978196e-5,0.05991878795157125
0.027701,0.9832650683481566,5.6383041101542544e-5,5.638304110143519e-5,0.01646719222523949
0.027801,0.9996285107369457,5.730587262276567e-5,5.730587262267517e-5,0.00010175861324881255
0.027901,0.9879921169420942,5.661735451774236e-5,5.661735451768273e-5,0.01173938016583953
0.028001,0.9490078686295265,5.438302865864341e-5,5.438302865860658e-5,0.05072795007007119
0.028101,0.8848600260026347,5.0741898768927826e-5,5.0741898768926566e-5,0.11488292496654323
0.028201,0.7991427644799105,4.5903468948749276e-5,4.590346894877758e-5,0.2006097108239522
0.028301,0.6966587660952901,4.014148660951102e-5,4.014148660956793e-5,0.3031050804081341
0.028401,0.5831500640740376,3.376735389096966e-5,3.37673538910375e-5,0.41662637843565253
0.028501,0.4649762289423199,2.711002839342628e-5,2.7110028393497436e-5,0.5348133741072839
0.028601,0.3487579819069377,2.0518831795070832e-5,2.0518831795133567e-5,0.6510446467058503
0.028701,0.24100626952805881,1.4357970185724966e-5,1.4357970185772069e-5,0.758808522232672
0.028801,0.14775757588508362,8.97479924024068e-6,8.974799240269203e-6,0.8520678234714636
0.028901,0.07423580389908406,4.673461150229716e-6,4.673461150240112e-6,0.925598038998721
0.029001,0.024559613399032912,1.710131539426143e-6,1.710131539425729e-6,0.9752799990446002
0.029101,0.001511680416247014,2.779447435454295e-7,2.7794474354335465e-7,0.9983306325696143
0.029201,0.006382879819362621,4.7170102805428506e-7,4.7170102805997474e-7,0.9934588770167283
0.029301,0.038900091754929596,2.273115331532107e-6,2.2731153315531143e-6,0.9609378971649851
0.029401,0.09724157746450429,5.5701745983269065e-6,5.570174598365038e-6,0.9025896471676995
0.029501,0.17813901970853058,1.01711054653415e-5,1.0171105465394637e-5,0.8216828273953098
0.029601,0.27706053914800266,1.5801766044600386e-5,1.5801766044659547e-5,0.7227498814101256
0.029701,0.38846446876791174,2.2124739565009724e-5,2.2124739565063572e-5,0.6113331383165792
0.029801,0.5061097936360789,2.8783194823862533e-5,2.878319482389859e-5,0.4936743419128557
0.029901,0.6234057941261568,3.54241653176736e-5,3.5424165317677745e-5,0.37636491910426434
0.030001,0.7337812618675085,4.169407584829831e-5,4.169407584826284e-5,0.2659767703901445
0.030101,0.8310525814667923,4.72508412555905e-5,4.725084125552218e-5,0.16869420737814012
0.030201,0.9097700126771496,5.1797603366634845e-5,5.179760336653241e-5,0.08996754660122741
0.030301,0.9655230806434508,5.50938989299308e-5,5.509389892981092e-5,0.034207741860406704
0.030401,0.9951878285127862,5.694593203785665e-5,5.694593203772742e-5,0.0045391486239775335
0.030501,0.9971019355789532,5.7221240923099416e-5,5.7221240922994e-5,0.00262434639002967
0.030601,0.9711578989718016,5.588350352058234e-5,5.588350352049842e-5,0.028570909108581094
0.030701,0.9188090488372198,5.299986663392769e-5,5.2999866633880414e-5,0.0809253796314975
0.030801,0.8429881284322905,4.8722628403689116e-5,4.872262840368706e-5,0.15675470501647382
0.030901,0.7479430498329288,4.328721914725255e-5,4.328721914727916e-5,0.2518105026514322
0.031001,0.6389989265657238,3.7017950649215545e-5,3.701795064926488e-5,0.36076701112833454
0.031101,0.5222597105158701,3.029882325353542e-5,3.0298823253602974e-5,0.4775195113914553
0.031201,0.40426611799131484,2.3524188450106557e-5,2.352418845017243e-5,0.5955264990431561
0.031301,0.2916290344576105,1.7076594297235708e-5,1.7076594297288926e-5,0.7081763229381217
0.031401,0.1906590421467282,1.1321064843285e-5,1.1321064843323392e-5,0.8091576698235837
0.031501,0.10701289616451574,6.57662964973638e-6,6.576629649761993e-6,0.8928131459689158
0.031601,0.04537668397449104,3.0839314696617245e-6,3.083931469668968e-6,0.9544561824599337
0.031701,0.00920330545914227,1.0086673821967651e-6,1.008667382195957e-6,0.9906335531682311
0.031801,0.0005189939477943633,4.5805680371598224e-7,4.5805680371669116e-7,0.9993188020051295
0.031901,0.019809822881738156,1.4685319832849102e-6,1.4685319832946953e-6,0.9800257848047774
0.032001,0.06599459626205416,3.986456037801625e-6,3.986456037823721e-6,0.9338358122074646
0.032101,0.13648555971393359,7.879503756445385e-6,7.879503756480534e-6,0.8633368916099948
0.032201,0.22733345405005995,1.2954581465138024e-5,1.2954581465184976e-5,0.7724786710123848
0.032301,0.3334487550965224,1.8948939059112384e-5,1.89489390591645e-5,0.6663512170510503
0.032401,0.4488867024563069,2.5523960413945173e-5,2.5523960413992847e-5,0.5508999537036963
0.032501,0.5671802907845969,3.229615516606652e-5,3.229615516609655e-5,0.43259266824339904
0.032601,0.6817025381872693,3.8876965356815866e-5,3.8876965356822094e-5,0.3180571188993218
0.032701,0.7860377595102082,4.488651886905052e-5,4.488651886902527e-5,0.21370973718131897
0.032801,0.8743409704777967,4.996735520087924e-5,4.996735520081729e-5,0.12539623453404716
0.032901,0.9416651636038859,5.382424996141245e-5,5.382424996132604e-5,0.05806419179986658
0.033001,0.9842384251669661,5.625521064135097e-5,5.625521064124583e-5,0.015485926304593339
0.033101,0.999675311597282,5.7146081645793714e-5,5.714608164568695e-5,4.71175311584718e-5
0.033201,0.9871105971478623,5.6459660171213956e-5,5.6459660171113525e-5,0.012613059251099035
0.033301,0.9472478473864597,5.4244768055425274e-5,5.4244768055350525e-5,0.052480088021755654
0.033401,0.8823200250748259,5.0637752917168204e-5,5.063775291712455e-5,0.11741497589335842
0.033501,0.7959643998813937,4.5838334153058234e-5,4.583833415304809e-5,0.2037800499435752
0.033601,0.6930188387098264,4.009152572953042e-5,4.009152572955811e-5,0.30673695371773785
0.033701,0.5792508168230572,3.369346543505283e-5,3.369346543510413e-5,0.42051761995547576
0.033801,0.4610343271918812,2.6989442323266453e-5,2.6989442323327144e-5,0.5387473648835489
0.033901,0.3449927529770183,2.0347536321239017e-5,2.0347536321294613e-5,0.6548020689063895
0.034001,0.23762769343455079,1.4135914961566543e-5,1.4135914961614856e-5,0.7621793961942741
0.034101,0.1449545883313462,8.715051519056672e-6,8.715051519088743e-6,0.8548631858183885
0.034201,0.0721656376671513,4.4171489063556985e-6,4.417148906371357e-6,0.9276605732308847
0.034301,0.023338912473309985,1.5069049291163954e-6,1.506904929120335e-6,0.9764929582831338
0.034401,0.0012098862978673645,1.559527897150142e-7,1.5595278971506725e-7,0.998624528139948
0.034501,0.0070181535335678115,4.4125525509866665e-7,4.4125525510124115e-7,0.9928155262660556
0.034601,0.04043796970636858,2.3424793662265177e-6,2.3424793662389526e-6,0.9593917398655398
0.034701,0.09959656056302026,5.734744087321021e-6,5.734744087349251e-6,0.9002262009541284
0.034801,0.18117914994265624,1.0401138535930377e-5,1.0401138535975261e-5,0.818634106864069
0.034901,0.2806147849206098,1.60636921882994e-5,1.606369218836099e-5,0.7191869732595689
0.035001,0.3923324899990105,2.2404982399864367e-5,2.2404982399928423e-5,0.6074564208443842
0.035101,0.5100733741382212,2.9076728145797886e-5,2.9076728145849664e-5,0.4897020293565583
0.035201,0.6272412676674043,3.571637743964224e-5,3.571637743966709e-5,0.3725207062135193
0.035301,0.7372722125918533,4.1971498550440306e-5,4.1971498550436396e-5,0.2624771117072036
0.035401,0.8340021758369931,4.751186221918562e-5,4.751186221914532e-5,0.1657359269000091
0.035501,0.9120123649058054,5.203308870316644e-5,5.203308870309213e-5,0.08771656390328815
0.035601,0.9669326632833577,5.527290051002187e-5,5.52729005099237e-5,0.03278964764608424
0.035701,0.9956864034255599,5.7035844050423926e-5,5.703584405031739e-5,0.004032239391523093
0.035801,0.9966626791120354,5.720862086081803e-5,5.720862086071388e-5,0.0030554770677274213
0.035901,0.9698066102575289,5.57663140258511e-5,5.576631402576897e-5,0.02991428514980946
0.036001,0.9166224870005212,5.2780975914411044e-5,5.278097591435862e-5,0.08310422977049403
0.036101,0.8400895412999557,4.842620448014261e-5,4.842620448012138e-5,0.1596457377247388
0.036201,0.7444950829980884,4.296401842765725e-5,4.2964018427664116e-5,0.2552509713277546
0.036301,0.6351943893131174,3.671956513078724e-5,3.6719565130821634e-5,0.3645640032136934
0.036401,0.5183107452190088,3.005772187207125e-5,3.0057721872114642e-5,0.4814608187986344
0.036501,0.4003924396636333,2.336067489572359e-5,2.336067489577101e-5,0.5993923648917702
0.036601,0.2880459142108325,1.700132300632877e-5,1.7001323006375856e-5,0.711751454183407
0.036701,0.18756560751448015,1.1319843169467766e-5,1.1319843169503928e-5,0.8122429676498258
0.036801,0.10458124396894145,6.61143983185782e-6,6.6114398318784436e-6,0.8952365903958445
0.036901,0.043742355173759975,3.1198264277513475e-6,3.1198264277601244e-6,0.9560823032779193
0.037001,0.0084577279307379,1.028895488800359e-6,1.0288954888014663e-6,0.9913709525680292
0.037101,0.0007043749324856335,4.5477240817453245e-7,4.5477240817483934e-7,0.9991252954642273
0.037201,0.020916728896541628,1.441164150258273e-6,1.441164150263581e-6,0.9789108047655067
0.037301,0.06796228254680915,3.954264195795747e-6,3.954264195808838e-6,0.931860057274445
0.037401,0.1392050575613487,7.876166367323986e-6,7.876166367348736e-6,0.8606092752212013
0.037501,0.2306533325144763,1.3003025114466383e-5,1.3003025114503541e-5,0.7691505739030133
0.037601,0.33718336151006767,1.9052141030239783e-5,1.905214103028081e-5,0.6626082749163074
0.037701,0.45282650101063915,2.567707588896815e-5,2.5677075889007286e-5,0.5469517196753493
0.037801,0.5711036603953893,3.248894122711849e-5,3.2488941227145273e-5,0.4286607738966467
0.037901,0.6853883470045762,3.908398807605758e-5,3.908398807606559e-5,0.3143627486004132
0.038001,0.7892779108861829,4.507459473926358e-5,4.5074594739244014e-5,0.21046106499942813
0.038101,0.876952238282907,5.0117127287513735e-5,5.0117127287466105e-5,0.12277651298641001
0.038201,0.9434998028648536,5.393292025814537e-5,5.3932920258071635e-5,0.05622118538448208
0.038301,0.9851927153367384,5.6322216930541205e-5,5.632221693045533e-5,0.014523354965149043
0.038401,0.9996955432047475,5.716988189153979e-5,5.716988189144386e-5,1.869033076884015e-5
0.038501,0.9861960541572211,5.644487017802924e-5,5.6444870177946596e-5,0.013519487645284201
0.038601,0.9454506661232699,5.419576351356886e-5,5.4195763513508506e-5,0.05426922734338008
0.038701,0.8797420561840722,5.054516520322196e-5,5.054516520319211e-5,0.11998498872855486
0.038801,0.7927512790968492,4.568423697678546e-5,4.5684236976791744e-5,0.20698533955708864
0.038901,0.6893515748690643,3.986707881663338e-5,3.9867078816672484e-5,0.31039652843535176
0.039001,0.5753354295081534,3.340333049995059e-5,3.340333050000253e-5,0.42442545034819523
0.039101,0.4570901331165175,2.6646997822158997e-5,2.6646997822217226e-5,0.5426841073196149
0.039201,0.3412400101827905,1.997996138315567e-5,1.997996138321135e-5,0.6585474111751459
0.039301,0.23427535051526577,1.3789925698371989e-5,1.3789925698413566e-5,0.7655242966690221
0.039401,0.1421888227480405,8.44374818907713e-6,8.443748189102084e-6,0.8576213613324372
0.039501,0.07013973341287906,4.259441035934438e-6,4.259441035946265e-6,0.9296786624124204
0.039601,0.022164936768212518,1.4818731517724719e-6,1.481873151774758e-6,0.9776588556945794
0.039701,0.0009525984087259127,2.655378590624622e-7,2.6553785906203653e-7,0.9988734679128732
0.039801,0.0076915081186063146,6.655393915553248e-7,6.655393915590133e-7,0.992133599663757
0.039901,0.04200440498145059,2.638215278796143e-6,2.638215278810336e-6,0.957816593203694
0.040001,0.10196906320055467,6.051452857311473e-6,6.051452857341313e-6,0.8978449402843535
0.040101,0.18422596211037634,1.0700095691215591e-5,1.0700095691258363e-5,0.8155785803710347
0.040201,0.28416649505415975,1.6321309427252093e-5,1.6321309427298564e-5,0.715626631099014
0.040301,0.39619121047306616,2.2609445635860116e-5,2.2609445635904368e-5,0.6035891685283324
0.040401,0.5140235714967184,2.9231946947438833e-5,2.9231946947468754e-5,0.4857433952044895
0.040501,0.6310616888150699,3.5842127821172985e-5,3.5842127821176034e-5,0.36869189550602866
0.040601,0.7407482787609567,4.208842756754566e-5,4.208842756751487e-5,0.25899266544655053
0.040701,0.8369380633562756,4.7627351531939886e-5,4.7627351531874454e-5,0.1627916646220682
0.040801,0.9142420711994038,5.2143509345283404e-5,5.214350934519733e-5,0.08547848580744488
0.040901,0.968329566434442,5.53700805741687e-5,5.537008057406518e-5,0.03138440581024198
0.041001,0.996170620253507,5.710588313207758e-5,5.7105883131966776e-5,0.0035397399524178625
0.041101,0.9962058685723537,5.7232877903410656e-5,5.723287790331069e-5,0.0035040975207953095
0.041201,0.9684337571366909,5.573379940502354e-5,5.5733799404951045e-5,0.03127906556996341
0.041301,0.9144105421798449,5.269681212463293e-5,5.2696812124593e-5,0.08530820795669265
0.041401,0.8371630367120277,4.830440793873355e-5,4.830440793872855e-5,0.16256434934771263
0.041501,0.7410189992228472,4.2818245512464236e-5,4.2818245512487906e-5,0.25871921137436327
0.041601,0.6313646812657984,3.656340720225383e-5,3.6563407202301394e-5,0.3683858895640053
0.041701,0.514343111514242,2.9903276257547642e-5,2.990327625761018e-5,0.4854206286779954
0.041801,0.39650997979701513,2.320906492800023e-5,2.3209064928068467e-5,0.6032669966363874
0.041901,0.2844664036404264,1.684059801684888e-5,1.684059801691377e-5,0.7153231563761615
0.042001,0.18448916754432154,1.113778793646165e-5,1.1137787936509406e-5,0.815311643578357
0.042101,0.102179163046132,6.406451837741463e-6,6.406451837770493e-6,0.8976309549735085
0.042201,0.04214768599226941,2.899790112915646e-6,2.8997901129275564e-6,0.9576692881430935
0.042301,0.0077581043308383515,8.109368184431929e-7,8.109368184448127e-7,0.9920628886756356
0.042401,0.0009373643992607634,2.7084113380589795e-7,2.708411338064689e-7,0.9988845502220827
0.042501,0.022067954081912425,1.333279738250539e-6,1.3332797382595785e-6,0.9777516764345439
0.042601,0.0699664180432009,3.955712712133503e-6,3.9557127121589005e-6,0.9298478029198853
0.042701,0.14194961963073344,7.999114301247152e-6,7.999114301289932e-6,0.8578563459757375
0.042801,0.23398501104004973,1.3240765182219282e-5,1.3240765182274976e-5,0.7658103075635155
0.042901,0.3409164736317304,1.9380336292444413e-5,1.9380336292505857e-5,0.6588663914916684
0.043001,0.45675314656696037,2.6049649930940396e-5,2.6049649930994952e-5,0.5430162104707397
0.043101,0.5750050405036358,3.2847231055447804e-5,3.28472310554865e-5,0.4247505537436832
0.043201,0.6890467348905962,3.9379170768104495e-5,3.9379170768112043e-5,0.3106956347953463
0.043301,0.7924886970158498,4.527896187743192e-5,4.52789618774031e-5,0.20724172704342586
0.043401,0.8795353236818845,5.0218774454324854e-5,5.021877445425629e-5,0.12018508248664897
0.043501,0.9453096514341761,5.3934364987703535e-5,5.3934364987605544e-5,0.054403185929013026
0.043601,0.9861265962508825,5.624525088497727e-5,5.624525088485621e-5,0.013581487301914026
0.043701,0.9996994282280531,5.704734755301278e-5,5.704734755288958e-5,6.909064664392416e-6
0.043801,0.9852679919833209,5.6300442434124005e-5,5.6300442434015056e-5,0.014439699993086799
0.043901,0.9436412105662709,5.4038533760082784e-5,5.403853376000396e-5,0.0560708631532527
0.044001,0.8771516645503621,5.03802406177437e-5,5.038024061770307e-5,0.12256757845200004
0.044101,0.7895247828196235,4.551528764679531e-5,4.551528764679649e-5,0.21020404141055846
0.044201,0.685670047630997,3.969044626544709e-5,3.969044626548804e-5,0.314070278221833
0.044301,0.5714059300150577,3.3215567738403205e-5,3.321556773846747e-5,0.4283471959351969
0.044401,0.45313394124485346,2.6459977491711392e-5,2.6459977491783847e-5,0.546632544831452
0.044501,0.337480015473012,1.9817104113408284e-5,1.981710411348158e-5,0.662299604076686
0.044601,0.23092329230760938,1.3669154394005299e-5,1.3669154394069518e-5,0.7688684697539113
0.044701,0.13943312784513423,8.374900196584228e-6,8.374900196625602e-6,0.8603690682203589
0.044801,0.06813474585798153,4.251202081234041e-6,4.251202081254333e-6,0.9316755418694812
0.044901,0.0210222532522934,1.5338874771354586e-6,1.5338874771417476e-6,0.9787933119595567
0.045001,0.0007349794063852914,3.567657925760079e-7,3.567657925757516e-7,0.9990827812926097
0.045101,0.00840958985365229,7.660139725274798e-7,7.660139725317347e-7,0.9914071943783782
0.045201,0.043616319295079836,2.7304400561306406e-6,2.7304400561485257e-6,0.9561963765326936
0.045301,0.10438299600051307,6.13078865301685e-6,6.130788653052307e-6,0.8954227343396026
0.045401,0.18730552805047287,1.076572290711422e-5,1.0765722907165422e-5,0.8124907651816934
0.045501,0.287738604510827,1.6384097692037224e-5,1.6384097692096696e-5,0.7120462871190436
0.045601,0.4000558748550106,2.2700063485743727e-5,2.270006348580477e-5,0.5997162103499929
0.045701,0.5179650703640057,2.9381517049396908e-5,2.9381517049444877e-5,0.48179348385710175
0.045801,0.6348603948753401,3.605854467460641e-5,3.60585446746241e-5,0.36488463778741453
0.045901,0.7441926221478629,4.2360107202699206e-5,4.236010720267651e-5,0.2555396481978051
0.046001,0.8398361209035592,4.793531105655471e-5,4.793531105649094e-5,0.159884854418123
0.046101,0.9164321609628666,5.245358119696916e-5,5.245358119687385e-5,0.08327963929906616
0.046201,0.9696891808809038,5.562808706143403e-5,5.5628087061313396e-5,0.030016133911539913
0.046301,0.9966231883127725,5.726190002797815e-5,5.726190002785141e-5,0.0030787262156745563
0.046401,0.9957249504507236,5.726588520696336e-5,5.726588520684163e-5,0.003976812940732715
0.046501,0.9670447198612269,5.564415399499949e-5,5.5644153994904744e-5,0.03266014823681624
0.046601,0.9121894481841432,5.249339932429787e-5,5.249339932423939e-5,0.087521578731794
0.046701,0.8342327375025663,4.8013440638757635e-5,4.801344063873889e-5,0.16548710114278875
0.046801,0.7375425113452204,4.2486256416417585e-5,4.24862564164345e-5,0.26218823311990713
0.046901,0.6275361782529156,3.6232228704085124e-5,3.623222870413391e-5,0.372206925757728
0.047001,0.5103770615632554,2.959191374672951e-5,2.9591913746796792e-5,0.4893791729787773
0.047101,0.3926290878043897,2.29276029209878e-5,2.292760292105762e-5,0.6071403238815646
0.047201,0.2808890546760487,1.6602237328134268e-5,1.660223732819903e-5,0.7188928550658973
0.047301,0.18141703531159695,1.0946404982136817e-5,1.0946404982186065e-5,0.8183760323243637
0.047401,0.09978561637335306,6.253607712724858e-6,6.253607712755419e-6,0.90001668198885
0.047501,0.040567703702190164,2.787475682713902e-6,2.787475682728863e-6,0.9592413708420205
0.047601,0.007080451066149922,7.595289195549919e-7,7.595289195573724e-7,0.9927325218991905
0.047701,0.001199585692373979,2.9539293704681065e-7,2.953929370472962e-7,0.9986141564748146
0.047801,0.02325440264645663,1.4306099470184724e-6,1.4306099470281224e-6,0.9765569113596114
0.047901,0.0720092882807981,4.119458089831627e-6,4.119458089856342e-6,0.9277964877927369
0.048001,0.144732893376196,8.222435214953964e-6,8.222435214998323e-6,0.8550645115446256
0.048101,0.23735114196305232,1.3496244436142311e-5,1.34962444361972e-5,0.7624355492512431
0.048201,0.3446754782748245,1.962154169979798e-5,1.9621541699858232e-5,0.6550987959701737
0.048301,0.46069352080231996,2.6242531533717764e-5,2.62425315337689e-5,0.5390673366755085
0.048401,0.5789058395563544,3.298170301728129e-5,3.2981703017314164e-5,0.4208413726782402
0.048501,0.6926899282903276,3.9451832020350585e-5,3.945183202035061e-5,0.3070441763604612
0.048601,0.7956711566982613,4.529159526848728e-5,4.5291595268448896e-5,0.20405111084157063
0.048701,0.8820799021539796,5.0197160283806e-5,5.019716028372892e-5,0.11763241110109324
0.048801,0.9470748814049857,5.3920560146604724e-5,5.3920560146498526e-5,0.05262984624482595
0.048901,0.9870144810708447,5.626349510304591e-5,5.626349510292293e-5,0.012685425796769205
0.049001,0.9996607662872414,5.7095300221048706e-5,5.7095300220925114e-5,3.734399597632496e-5
0.049101,0.9843048563951693,5.6369275626838805e-5,5.636927562673604e-5,0.015394562943632555
0.049201,0.9418067628037714,5.411425578498938e-5,5.4114255784922286e-5,0.05789702769888805
0.049301,0.8745472770926542,5.042856927965165e-5,5.042856927962813e-5,0.12516374189083224
0.049401,0.7862946638691044,4.549418411101061e-5,4.549418411102539e-5,0.21342607526487617
0.049501,0.6819935008577626,3.9582237148610186e-5,3.9582237148658067e-5,0.31773891432999196
0.049601,0.5674875678478768,3.302975075219333e-5,3.302975075226359e-5,0.4322578038923599
0.049701,0.4491923792449102,2.6212824722061208e-5,2.6212824722142096e-5,0.5505664763606739
0.049801,0.3337356973377284,1.9532473373290665e-5,1.953247337336147e-5,0.6660363676197719
0.049901,0.2275861773783904,1.339067642215915e-5,1.3390676422219222e-5,0.7721980186316263
0.050001,0.1366909307390334,8.149021698952513e-6,8.1490216989916e-6,0.86310359493367
